
Using device: cuda

Training from scratch!
Iter   1/5      -mse:      72.53
Iter   2/5      -mse:      71.34
Iter   3/5      -mse:      59.90
Iter   4/5      -mse:      62.45
Iter   5/5      -mse:      58.26
layers.0.weight, tensor([[ 0.0769, -0.0976,  0.0588,  ..., -0.1379, -0.0992,  0.1604],
        [-0.0666,  0.1718, -0.0379,  ..., -0.1167, -0.0748,  0.0664],
        [ 0.0354, -0.1391, -0.2133,  ...,  0.0676,  0.0877,  0.1235],
        ...,
        [ 0.0375,  0.0250, -0.0141,  ...,  0.0092, -0.1715,  0.0830],
        [-0.1844, -0.0094, -0.0035,  ...,  0.0269,  0.2015,  0.0501],
        [ 0.2614, -0.1849, -0.0011,  ..., -0.0235,  0.2424, -0.1113]], device='cuda:0')

layers.0.bias, tensor([ 0.1541, -0.0391, -0.1731, -0.1830,  0.0208, -0.1431, -0.1671, -0.2136,  0.0707, -0.0259,  0.0277, -0.0558, -0.1369,  0.1019,  0.1366,  0.0386, -0.0904,  0.0864, -0.1558, -0.0199,  0.1773, -0.2546, -0.1271,  0.0360,  0.0617,  0.1435, -0.0650,  0.1100,  0.0894, -0.0902, -0.1089,  0.0335, -0.0219,  0.2040, -0.0862,  0.1571, -0.1146, -0.2084, -0.1903, -0.0708,  0.0539, -0.2025,  0.1770, -0.0772, -0.1729, -0.1783,  0.2114,  0.0608,  0.0503, -0.1395,  0.1211,  0.1475,  0.0118, -0.0841,
         0.0484,  0.1110,  0.1507,  0.1935,  0.1384,  0.1293, -0.0382, -0.0617, -0.0870,  0.1332,  0.1363, -0.1064,  0.1547, -0.1335, -0.1728,  0.1571, -0.0544, -0.1528, -0.0865, -0.0012,  0.1987, -0.2024,  0.0807, -0.1294,  0.1223, -0.0363], device='cuda:0')

layers.2.weight, tensor([[-7.5022e-02, -2.9486e-02,  6.7734e-02,  5.3291e-03,  7.1400e-02,  1.1373e-01, -1.1496e-01,  7.7575e-02,  5.1995e-02,  9.5546e-02, -8.9832e-02,  6.5125e-02, -7.1054e-02, -3.7406e-02, -9.4417e-02,  8.1103e-02, -2.7107e-02,  1.0829e-01,  4.8194e-02, -1.2403e-01,  2.0272e-03,  4.5392e-02, -5.4795e-02,  8.5786e-02, -9.5012e-02, -1.9747e-03, -1.7118e-02, -1.0939e-01, -7.3013e-02,  9.8496e-02, -1.3783e-01,  1.0258e-01, -6.0766e-02,  6.6455e-02, -3.8080e-02,  4.3143e-03, -1.2618e-02,
         -6.2738e-03,  2.5695e-02, -8.2326e-02,  2.1087e-02,  6.7042e-03,  9.4492e-02,  4.6295e-02, -4.2504e-02, -1.5884e-03,  7.8657e-02, -4.2583e-02, -4.8945e-02,  4.9414e-02,  5.8451e-02, -2.3933e-02, -4.3047e-02,  7.5597e-02,  1.0691e-01, -9.7573e-02, -4.6475e-02, -1.2511e-02, -3.4962e-02, -2.2294e-02,  7.8534e-02, -8.8090e-02,  7.0704e-05, -1.1505e-04,  1.0976e-02, -6.1448e-02, -1.2086e-01, -2.4102e-02,  1.0702e-02,  4.8275e-02,  1.1771e-01,  6.8149e-02,  3.8163e-02,  1.0843e-02,
          3.8439e-02,  1.0531e-01, -1.1840e-01,  6.6058e-02,  5.1672e-02,  3.9291e-02],
        [-8.3723e-02, -1.2711e-02,  9.6197e-02,  2.7826e-02,  3.9409e-02,  6.7739e-02, -6.5218e-02,  1.1187e-02, -5.0493e-03, -4.2085e-02,  8.9762e-02, -1.0722e-02,  3.3934e-02, -2.2863e-02,  5.1547e-03,  4.8312e-02, -7.9693e-02,  4.9570e-02,  2.5530e-02,  3.5100e-02, -6.2911e-02, -1.1562e-02, -5.4465e-02,  9.0992e-02, -8.1798e-02, -6.5219e-02,  9.3611e-02, -8.4628e-02,  7.0605e-03,  9.6726e-02, -1.5545e-02,  8.6505e-03, -5.8378e-02,  6.9981e-02,  3.7148e-02, -6.3235e-02,  1.0778e-01,
         -7.3239e-02,  1.3092e-01, -8.9971e-02,  1.1628e-01,  4.1984e-02, -4.7114e-02,  5.2662e-02, -1.9932e-02,  9.4070e-02, -6.9915e-02,  3.5115e-02,  7.6882e-02,  4.3720e-02,  5.6678e-02, -4.4425e-02,  1.2080e-01, -7.9436e-02, -1.5991e-02,  1.0636e-01,  3.9562e-02, -5.8288e-02, -6.9775e-02, -9.1043e-02,  1.1126e-01, -9.2330e-02, -7.9780e-02, -5.7704e-02,  5.5249e-02, -3.6980e-02,  5.6359e-02,  2.1163e-02, -3.9667e-02, -8.9639e-02, -1.5750e-02,  1.3211e-02,  1.0697e-02,  9.5067e-02,
         -4.3723e-02,  2.7368e-02,  1.2647e-01, -6.5704e-02, -6.6137e-02, -5.2653e-02],
        [ 4.8419e-02, -1.9362e-02,  1.2431e-01, -7.6162e-03,  7.8400e-02, -1.5258e-01, -1.1519e-01, -5.3951e-02,  2.3980e-02,  6.5885e-02,  1.0195e-02,  6.6299e-02, -1.0235e-01,  1.0496e-01, -2.0486e-02, -1.2115e-02,  3.3898e-02, -9.7544e-02,  8.4621e-02, -4.0141e-02,  8.2527e-03,  3.5440e-02, -5.7991e-02,  2.6826e-02, -8.0330e-02, -7.7373e-02, -2.8525e-02, -5.6988e-02, -9.6189e-02,  1.4174e-01, -1.0583e-01, -4.5036e-03,  7.6704e-02,  5.4797e-03,  3.5594e-02, -5.4755e-02,  2.4878e-02,
          2.6200e-02, -8.5804e-02, -5.3363e-03,  9.2146e-02, -7.6288e-03, -4.2704e-02,  7.9507e-02, -8.3242e-02, -5.8777e-02,  6.1224e-02,  6.1923e-02,  8.3175e-02,  6.1780e-02, -7.0312e-02, -6.5664e-02,  2.5136e-02,  2.9925e-02,  7.7368e-03,  7.3490e-02,  1.6465e-02, -6.9432e-02,  3.7786e-02, -1.9391e-02,  4.3973e-02, -1.3781e-02, -1.0779e-02,  5.2313e-02, -7.2620e-02, -3.3469e-02,  1.2963e-01,  1.2287e-01,  7.9412e-02,  1.2687e-01,  1.1124e-01, -3.9905e-02, -1.1053e-02, -8.9327e-02,
         -8.0146e-02,  5.5773e-02, -1.3508e-02,  1.1666e-01, -6.9576e-02, -3.2625e-02],
        [ 6.0220e-02, -9.2367e-02, -7.9155e-02, -9.0884e-02, -1.1169e-02,  7.3995e-02, -6.5571e-02, -5.5904e-02,  5.8424e-03,  8.6337e-02,  9.3903e-03,  2.5475e-02, -4.1637e-02,  5.4633e-02, -9.9811e-02,  6.4364e-02, -6.0009e-02,  9.5689e-02,  7.8946e-02,  1.1354e-01, -4.8251e-02, -9.4175e-02, -1.0248e-01,  4.4321e-02, -8.8866e-02,  7.5125e-03,  8.3999e-02, -3.3463e-02,  4.4070e-02, -1.3242e-03,  4.9945e-03,  1.0055e-01, -3.8683e-02, -1.1490e-01,  9.9209e-02,  1.6251e-02,  2.7578e-02,
         -2.4700e-03,  9.4074e-02,  7.8998e-02, -9.3031e-02, -7.2285e-02,  3.7109e-02,  1.3864e-02,  9.8713e-02,  4.6802e-02, -1.0871e-01, -5.3935e-02,  3.5339e-02,  1.2585e-01, -4.6949e-02, -5.2793e-02, -1.0697e-01,  1.1766e-01, -1.1164e-01,  8.0915e-02, -1.3573e-02, -3.2304e-03,  1.1282e-01, -8.5010e-02,  3.3325e-02, -7.1797e-02,  1.3755e-02, -4.9181e-02, -5.6963e-03, -1.9026e-02,  4.6011e-02, -1.5941e-02, -2.2823e-02, -1.1229e-01,  8.4400e-03,  7.9529e-02,  1.1352e-01,  1.2499e-01,
          2.4902e-02, -1.1484e-01, -4.1587e-03, -1.1659e-01,  9.0095e-02,  1.0277e-01],
        [ 1.0223e-02,  7.6010e-02, -1.4018e-02,  9.0887e-02, -8.4397e-02,  2.2945e-02,  4.7620e-02,  8.3000e-02,  1.1116e-01,  8.7908e-02,  4.9666e-02, -6.2225e-02, -9.5710e-02,  7.2608e-02, -7.9487e-02, -2.9839e-02,  3.2884e-02, -2.0535e-03,  3.1502e-02, -6.8181e-02,  2.2740e-02,  1.1877e-02,  6.8316e-02,  6.3191e-03, -5.3496e-02, -1.9645e-02, -8.9433e-02,  1.0651e-01,  3.8869e-02, -2.0786e-02,  5.0034e-02, -5.5228e-02, -9.4464e-03,  1.5000e-02, -4.4871e-03,  4.1255e-02,  2.5187e-02,
         -8.9669e-02,  7.1007e-02,  8.6608e-02,  1.4242e-02, -1.0446e-01, -1.3294e-02, -7.1359e-02,  5.6426e-02, -6.5434e-02, -4.6791e-02,  7.2265e-03,  3.1636e-02,  7.7717e-02, -7.5091e-02,  8.6260e-03, -6.9677e-02,  4.8439e-02,  2.1664e-02,  9.3384e-02,  5.2987e-02, -7.1632e-02, -2.9914e-02,  7.6639e-02,  6.8834e-02, -9.7689e-02, -1.0680e-01, -9.3902e-02,  2.2425e-02,  8.0554e-02, -9.1500e-02,  1.4968e-02, -6.5837e-02,  5.9664e-03,  6.5224e-02, -1.7935e-02,  2.4149e-02, -2.3839e-02,
          6.2067e-02, -8.0392e-02, -1.0302e-01,  5.5286e-02,  2.5998e-02,  8.0082e-02],
        [ 4.9574e-02, -3.8268e-02, -4.4385e-02,  3.4522e-02,  5.9347e-02,  6.7186e-02,  1.6580e-02,  5.3609e-02,  8.3939e-02, -8.3166e-02,  8.9741e-02,  4.9519e-02, -1.6832e-03, -7.2978e-02, -4.4188e-03,  2.8240e-03,  1.6542e-02, -4.4158e-02, -1.0593e-01,  4.0916e-02,  1.0346e-01,  4.3568e-02, -1.8619e-02,  8.1288e-03, -9.5754e-02, -4.1382e-02, -5.2121e-03, -5.4486e-02, -2.6734e-02, -6.3271e-02, -1.0097e-01,  2.1087e-02, -7.6764e-02,  5.1350e-02,  5.6975e-02,  6.4688e-02, -1.0036e-01,
          6.6418e-03, -4.9272e-03,  4.8880e-02, -2.6620e-02,  4.8777e-02,  8.1340e-02,  7.4314e-02,  1.4325e-02,  4.2410e-02, -9.0826e-02, -5.0412e-02,  6.4325e-02, -3.9464e-03, -2.9361e-02,  8.3765e-02,  1.7712e-02,  7.9937e-02, -4.1893e-03,  3.3406e-02,  4.8212e-02,  8.6819e-02, -5.6498e-04,  6.3258e-03, -1.5197e-02,  5.5280e-02, -1.0760e-01,  1.5155e-02, -1.0641e-01, -6.9293e-02,  4.4770e-02, -1.0928e-01,  7.6038e-02,  7.2863e-02, -9.9087e-02, -4.9862e-02,  8.1619e-02, -1.0373e-02,
          2.1001e-02, -4.2595e-02, -2.8469e-02,  7.9016e-02, -3.0494e-02, -5.8609e-02],
        [ 8.8826e-02, -1.2421e-02, -1.0758e-01, -7.4710e-02, -1.2720e-01, -1.0665e-01, -3.2188e-02, -2.7618e-02,  4.3448e-02,  6.7660e-02, -2.5750e-02,  7.1108e-02,  2.3565e-02, -9.1991e-02, -1.2113e-01,  6.3052e-02,  9.7158e-02, -4.7289e-02, -1.2745e-01, -7.0694e-03, -1.5198e-02,  2.5667e-02, -1.8529e-03,  8.2138e-02, -8.2374e-02,  9.1247e-02,  3.2128e-02,  7.3822e-02, -8.7296e-03, -1.8717e-02,  4.2337e-02, -4.4165e-02, -1.0387e-01, -8.9989e-02,  3.8993e-02,  7.1300e-02,  6.8432e-02,
          8.2987e-02, -2.2786e-02,  7.5734e-02,  3.7059e-02, -7.2983e-02,  6.3695e-02,  6.2363e-02, -4.9976e-02, -4.2951e-02,  9.8965e-03,  8.9016e-02,  9.3306e-02,  9.4263e-02,  7.1811e-02,  2.4790e-02,  8.7849e-02, -9.9595e-02, -6.9265e-02,  9.3682e-03, -9.2595e-02, -2.9419e-02,  1.0819e-01,  1.0047e-02,  1.0585e-01,  7.4879e-03, -7.6990e-02, -5.9854e-02, -2.1630e-02, -7.7719e-02,  6.8388e-02, -8.8150e-03, -1.1984e-01, -5.3079e-02,  9.1730e-02,  6.5570e-02,  5.4189e-02, -1.2025e-01,
          1.0057e-01, -6.6616e-02, -2.2894e-02, -7.7755e-02,  3.1642e-02, -1.0587e-01]], device='cuda:0')

layers.2.bias, tensor([ 0.0320,  0.0605, -0.0992,  0.0238,  0.0626, -0.0188,  0.0635], device='cuda:0')


NN SAVED to /home/lucas/Desktop/11_Github/Masterthesis/project-paper/KUKA-experiment/results/KUKA-surf-dataset/exp_comp_gp-sgp-nn-mbd/NN-st1-hyperparams.nn

